seq1	m54079_171127_175044/32637764/18863_28927	4	1255	985	1	1099,1253,1253,985	insert	-1	1	603	1	insert	-1	2942	3222	0	insert	-1	1418	2454	-2	3	1	131453120	131456242
seq2	m54079_171127_175044/61408079/14227_19879	5	2070	810	1	810,1268,1422,1895,1628	3	1	131450533	131451731	-29	insert	-1	4	1404	4	insert	-1	2943	3222	5	insert	-1	1396	2452	0	3	1	131453142	131453445
seq3	m54079_171127_175044/10355165/51193_57190	7	715	1	1	448,448,441,268,1,268,267	3	1	131448975	131451709	-11	insert	-1	1	1407	1	insert	-1	2943	3222	0	insert	-1	1856	2455	0	2	1	32916412	32916560	-2	insert	-1	1427	1858	0	3	1	131453115	131453491
seq4	m54079_171127_175044/58589425/28807_36005	5	1929	810	1	810,1268,1422,1754,1487	3	1	131450442	131451703	1	insert	-1	1	1403	1	insert	-1	2943	3220	2	insert	-1	1421	2454	0	3	1	131453121	131455101
seq5	m54079_171127_175044/59441739/60681_67054	4	1849	1098	1	1098,1254,1848,1580	insert	-1	1	1200	1	insert	-1	2947	3222	4	insert	-1	1418	2454	-8	3	1	131453114	131453566
seq6	m54079_171127_175044/56885824/34990_40647	4	1731	1097	1	1097,1252,1731,1463	insert	-1	1	810	1	insert	-1	2942	3222	0	insert	-1	1416	2454	-4	3	1	131453121	131455415
seq7	m54079_171127_175044/50659414/6403_10790	4	1838	1097	1	1097,1253,1838,1570	insert	-1	4	446	4	insert	-1	2942	3222	0	insert	-1	1411	2454	2	3	1	131453138	131454144
seq8	m54079_171127_175044/36569967/10784_17159	5	1927	808	1	808,1266,1422,1754,1487	3	1	131451125	131451700	1	insert	-1	3	1404	3	insert	-1	2941	3222	1	insert	-1	1416	2452	8	3	1	131453131	131455186
seq9	m54079_171127_175044/26149718/39801_43465	4	440	267	1	440,440,440,267	3	1	131451395	131451699	0	insert	-1	2	1407	1	insert	-1	2967	3222	1	insert	-1	1556	2488
seq10	m54079_171127_175044/66519525/27203_32910	4	440	267	1	440,440,440,267	3	1	131451240	131451702	0	insert	-1	4	1404	3	insert	-1	2941	3222	0	insert	-1	1458	2454
seq11	m54079_171127_175044/65012646/26960_31750	6	807	367	1	440,440,440,423,367,367	3	1	131451032	131451699	0	insert	-1	1	1407	3	insert	-1	2921	3219	0	insert	-1	2198	2430	128	insert	-1	1421	2220	0	3	1	131453121	131454358
seq12	m54079_171127_175044/54198390/35560_38639	3	157	156	1	156,156,156	10	-1	109812368	109812441	-1	insert	-1	1423	2441	5	3	1	131453125	131453317
seq13	m54079_171127_175044/17956968/22110_28573	5	480	212	1	268,268,268,212,212	insert	-1	1	228	0	insert	-1	2966	3222	0	insert	-1	2112	2489	173	insert	-1	1452	2028	111	3	1	131453134	131457116
seq14	m54079_171127_175044/38142574/22531_28539	4	1673	1097	1	1097,1252,1673,1405	insert	-1	1	772	1	insert	-1	2938	3222	0	insert	-1	1416	2450	-12	3	1	131453114	131456686
seq15	m54079_171127_175044/19202708/20697_31615	3	317	157	1	157,316,316	16	-1	70167341	70169959	133	insert	-1	1426	2454	0	3	1	131453115	131457830
seq16	m54079_171127_175044/25690809/27224_33354	5	502	233	1	269,269,268,233,233	insert	-1	4	1407	3	insert	-1	2941	3222	0	insert	-1	1921	2454	179	insert	-1	1418	1871	0	3	1	131453125	131456204
seq17	m54079_171127_175044/27197670/7228_11844	4	1782	1097	1	1097,1253,1782,1514	insert	-1	5	484	3	insert	-1	2943	3222	0	insert	-1	1416	2454	0	3	1	131453124	131454240
seq18	m54079_171127_175044/34734443/19994_25178	4	1734	1099	1	1099,1254,1734,1466	insert	-1	1	637	3	insert	-1	2942	3220	0	insert	-1	1416	2454	-10	3	1	131453115	131455260
seq19	m54079_171127_175044/36635442/6645_15039	3	181	174	1	181,181,174	3	1	131448212	131451703	124	insert	-1	1	1297	1	insert	-1	2953	3222
seq20	m54079_171127_175044/25887369/33806_39086	3	180	173	1	180,180,173	3	1	131448577	131451706	1	insert	-1	2	1402	3	insert	-1	2950	3217
seq21	m54079_171127_175044/36831379/11372_18036	4	272	4	1	272,272,272,4	insert	-1	1	392	7	insert	-1	2944	3221	1	insert	-1	1661	2454	95	3	1	135050823	135055822
seq22	m54079_171127_175044/68223367/32427_39056	3	424	3	1	3,424,424	2	1	32866824	32867115	1	3	1	131449992	131451702	67	insert	-1	752	1374
seq23	m54079_171127_175044/52494681/52773_55404	3	156	156	1	156,156,156	insert	-1	2941	3123	0	insert	-1	1416	2454	-10	3	1	131453115	131454430
seq24	m54079_171127_175044/55837436/9193_15501	3	133	6	1	6,133,133	2	-1	32866794	32867059	2	3	1	131447255	131451703	-4	insert	-1	806	1407
seq25	m54079_171127_175044/38404735/13528_18703	3	518	3	1	518,518,3	3	1	131447954	131451709	-11	insert	-1	514	1407	166	insert	-1	144	512
seq26	m54079_171127_175044/55968255/117_5923	3	12	5	1	12,12,5	3	1	131448333	131451703	-4	insert	-1	432	1407	121	15	1	20299915	20301123
seq27	m54079_171127_175044/38142632/38625_45242	3	415	3	1	3,415,415	3	1	131446286	131449231	193	3	1	131449230	131451463	0	insert	-1	512	1621
